
translate(v=[-68.39903786706786, -42.74939866691741, -42.74939866691741])
  cube(size=[136.79807573413572, 85.49879733383482, 85.49879733383482]);